1.848306893780248261e-01
1.192450720634079392e-01
1.189712929491870547e-01
1.211500653827107532e-01
9.467679615567088369e-01
9.174531328984784073e-01
3.078596142630971588e-01
9.128486165393020352e-03
2.257177104594697836e-01
1.869369193967629628e-01
1.696035565707877668e-01
1.180880901474080646e-01
8.282027591121142729e-01
9.060882433036200612e-02
8.550646715511773799e-01
3.836658433300579873e-02
2.879826077937049367e-01
1.517927009833691387e-01
2.689205888778689602e-01
6.145884920302777804e-02
1.429994316902479801e-01
2.214818521096816872e-01
1.207313504432917517e-01
4.368658930077169711e-02
2.179432525311117974e-01
2.188780971228494465e-01
3.747429602706333074e-01
9.524493890575772004e-02
9.641411146109164776e-02
1.135007819455976646e-01
4.103868992253469350e-01
5.778125545351306958e-01
6.733223636827424807e-02
1.820762115212607168e-01
7.256597699452761729e-02
2.904645814219332101e-01
3.636137762747838620e-01
2.802502511413163533e-01
1.026729874708124102e-01
1.749777607179148209e-02
2.265624627102295896e-01
6.747018088376045830e-02
2.002202322923615774e-01
3.132809662606834133e-01
8.817433075683001054e-02
2.200508297993054030e-01
2.528357819551932950e-01
3.614023538979882488e-02
1.414444893343299314e-01
1.551589317912081267e-01
9.328551289882009989e-01
7.366555390631300826e-01
7.835301566609517154e-01
8.623647513262210351e-01
5.896458689607461112e-01
8.485572502130925843e-01
9.129889411090920115e-01
6.715611693869902865e-01
6.505000945937832180e-01
9.569874909625065706e-01
8.985210274633923522e-01
4.193474059242889851e-01
9.779993334920199510e-01
6.778968996109352441e-01
5.147011927578295509e-01
9.799013148168052023e-01
9.536337851019002221e-01
8.127704321897623041e-01
9.030667569405493866e-01
4.248884043880208905e-01
6.252247593330084730e-01
4.761907478278686878e-01
3.454961967297781600e-01
9.851965884042054311e-01
2.578541695526713196e-01
8.494738723163921534e-01
8.250470913467057299e-01
7.255325389972318018e-01
8.268815094811080013e-02
7.655216678135738917e-01
7.584590954516288175e-01
8.919152259858218468e-01
8.956204013609361247e-01
9.635357530538806170e-01
7.657068368156235705e-01
9.554915251733806514e-01
9.957761445775151765e-01
4.074284287812932615e-01
9.813931154087276454e-01
8.999501103416948089e-01
7.374370200581816803e-01
4.914270057263273594e-01
5.685515870484453282e-01
8.607610299618257965e-01
2.179965721502829246e-01
9.490646173230831151e-01
8.922801692024195930e-01
6.728473112913665455e-01
8.266722101639302211e-01
9.794470916086714940e-01
