6.883937272190063239e-02
5.602416239985200663e-01
3.243537450218447749e-01
5.848447829111175916e-02
4.175517631427106968e-01
1.239023807567076890e-01
9.872933054100159200e-01
2.519612509135563672e-01
4.193340659262345671e-02
2.304127210724677688e-01
8.128857749990612280e-01
6.210078789622198309e-02
1.540195478206455582e-01
2.117166513048777399e-01
8.635066076855520967e-01
5.148282265251147988e-02
2.490627124570495843e-01
4.584875785217670252e-01
8.721957239096184145e-01
1.621044780415443753e-01
2.106486045220893055e-01
3.454002193711522978e-02
2.882705238518091795e-01
5.169235313706294077e-01
1.162629711705087387e-01
3.715151804920883150e-01
2.952958704905688236e-01
2.485324575056251095e-02
2.175873285120860992e-02
1.384153359172600184e-01
3.369385957066947657e-02
8.888053277546549558e-02
3.196613427152851516e-02
2.665703443298294006e-01
8.088768495802263203e-01
4.777425571715205876e-01
6.244027967651527566e-02
7.427454205485546357e-01
1.283801225900417509e-01
4.311938944833186571e-02
2.877462502924829635e-01
6.862624637447339859e-01
8.814429929952076470e-02
9.594477591390281057e-02
7.572640015444284112e-01
3.472130695899864478e-02
2.258390393794532380e-01
7.910966305587789626e-02
6.193535640963249156e-02
3.649412180473802780e-01
9.452745880556391311e-01
2.546063673622522838e-01
8.967044614478916209e-01
5.992444832232903806e-01
6.328756586138576390e-01
9.332731042839006452e-01
4.622048027975220186e-01
4.023340062650374027e-01
6.403028259088131557e-01
8.162532757289405749e-01
8.167173501458346863e-01
7.061522998874836254e-01
1.867620570345350228e-01
9.125370429465669009e-01
8.545579620364824880e-01
7.976761831496924637e-01
7.882652657760818027e-01
8.869606653396255869e-01
4.725732048558302090e-01
8.451869202898147915e-01
9.642785741984865044e-01
3.772555961944620839e-01
6.645312261205992277e-01
5.553966726827979095e-01
7.811332493201129656e-01
9.052159131313420870e-01
8.830093959024406525e-01
6.446565862441955286e-01
9.507066988048296086e-01
3.103460926138635889e-01
1.659922431925723030e-01
9.924846098399421335e-01
8.283642094570994319e-01
9.169060653881597744e-01
6.180552885921334338e-01
8.433156151845172532e-01
8.267252943901911566e-01
6.781729877784861138e-01
7.441550823592970598e-01
9.697712341815527548e-01
3.006864592199103847e-01
6.045700836567255987e-01
5.720228145250314533e-01
6.429795392108864638e-01
7.547487765921458980e-01
6.889427896822283293e-01
7.382742697227889783e-01
7.189431605869581743e-01
9.430509415648383742e-01
5.091865690887615870e-01
