8.395905142632932583e-02
4.127474977508557297e-01
2.118094104640169673e-01
6.138587879452045426e-02
4.316272162210996188e-01
1.892561851062971867e-01
9.996471730240990006e-01
1.700224202220770864e-01
4.510928148417227973e-02
3.194437691068792162e-01
8.113774406354233859e-01
6.280052973983929476e-02
2.777037133956795634e-01
1.717340822057853711e-01
9.388549732031681305e-01
6.148189734992887123e-02
2.134253049316390816e-01
3.052310206851407970e-01
7.764684253713055595e-01
1.797198617092765627e-01
2.535053608194627328e-01
4.592825783731279560e-02
1.907898460424483633e-01
3.624216270159809627e-01
1.158860843550293535e-01
3.031924934784668846e-01
4.170681467237957740e-01
3.637059713704209052e-02
3.273328428123720157e-02
1.249457505476211372e-01
4.877989008729967380e-02
8.181546626536731481e-02
4.169695829318601638e-02
2.281170657086805109e-01
7.361964332986042914e-01
3.598742111507899910e-01
7.438386523982229437e-02
4.661250944288292120e-01
1.009596822899878760e-01
4.905078929106658492e-02
2.394332082078716450e-01
4.266533413964715415e-01
7.963051705231286026e-02
9.596472267216583918e-02
9.144104634872834980e-01
4.383916139415663243e-02
1.643796562537356010e-01
8.681197575202830030e-02
7.182850097019065350e-02
2.407152513242508951e-01
9.997969348034316805e-01
1.932322135236121674e-01
9.996727589199582154e-01
3.894795521572649299e-01
8.518373732045073643e-01
8.968113748380739381e-01
7.202721416656900910e-01
6.053466696780066547e-01
6.427848509686940881e-01
9.497304660707136525e-01
8.275765228108991067e-01
8.430963508294672115e-01
1.820338915541480918e-01
8.807313420544231608e-01
9.644594097457771520e-01
6.514059246508422385e-01
8.289144615350906298e-01
9.986069504539742958e-01
3.793487226313730920e-01
9.482520791773215718e-01
9.774244086097936268e-01
3.118115951126381180e-01
6.300748685452954856e-01
4.262022474224840263e-01
8.020873870112293913e-01
9.912836017866897276e-01
7.102157301061511330e-01
4.702087207734531593e-01
9.820117305323934342e-01
2.498708403672279532e-01
1.602604830745717190e-01
9.998601128207125210e-01
9.681688044709710894e-01
9.343402462471659398e-01
5.085322634486370008e-01
8.780018336013214464e-01
8.046773702617189272e-01
6.498029884760186947e-01
7.525089868982310914e-01
9.999454554726517896e-01
2.342785725854250045e-01
7.147137626919058961e-01
6.953308880671176251e-01
8.041847088787813513e-01
8.354013748988723398e-01
5.220584791672652214e-01
5.029738557814039668e-01
7.232956640366019485e-01
9.979439320225363952e-01
4.142511836155010063e-01
